0 0 0 0 0.0 0.0
0 0 1 0 0.0 0.0
0 0 2 0 0.0 0.0
0 0 3 0 0.0 0.0
0 0 4 0 0.0 0.0
0 0 5 0 0.0 0.0
0 0 6 0 0.0 0.0
1 0 3 1 0.0 0.0
1 0 6 1 0.0 0.0
2 0 1 2 0.0 0.0
2 0 5 2 0.0 0.0
3 0 2 3 0.0 0.0
3 0 4 3 0.0 0.0
3 0 7 3 0.0 0.0
4 0 6 4 0.0 0.0
4 0 7 4 0.0 0.0
5 0 3 5 0.0 0.0
5 0 6 5 0.0 0.0
5 0 8 5 0.0 0.0
0 1 1 8 0.0 0.0
0 1 4 8 0.0 0.0
0 1 7 8 0.0 0.0
1 1 0 9 0.0 0.0
1 1 1 9 1.0 0.0
1 1 2 9 0.0 0.0
1 1 3 9 0.0 0.0
1 1 4 9 0.0 0.0
1 1 5 9 0.0 0.0
1 1 6 9 0.0 0.0
1 1 7 9 0.0 0.0
1 1 8 9 0.0 0.0
2 1 1 10 0.0 0.0
2 1 2 10 0.0 0.0
2 1 3 10 0.0 0.0
3 1 1 11 0.0 0.0
3 1 5 11 0.0 0.0
3 1 7 11 0.0 0.0
4 1 1 12 0.0 0.0
4 1 3 12 0.0 0.0
4 1 8 12 0.0 0.0
5 1 1 13 0.0 0.0
5 1 2 13 0.0 0.0
0 2 3 14 0.0 0.0
0 2 7 14 0.0 0.0
0 2 8 14 0.0 0.0
1 2 1 15 0.0 0.0
1 2 3 15 0.0 0.0
1 2 8 15 0.0 0.0
2 2 0 16 0.0 0.0
2 2 1 16 0.0 0.0
2 2 2 16 0.0 0.0
2 2 3 16 0.0 0.0
2 2 4 16 0.0 0.0
2 2 5 16 0.0 0.0
2 2 6 16 0.0 0.0
3 2 3 17 0.0 0.0
3 2 6 17 0.0 0.0
3 2 7 17 0.0 0.0
4 2 2 26 0.0 0.0
4 2 3 26 0.0 0.0
4 2 8 26 0.0 0.0
0 3 1 18 0.0 0.0
0 3 4 18 0.0 0.0
0 3 8 18 0.0 0.0
1 3 4 19 0.0 0.0
1 3 5 19 0.0 0.0
1 3 7 19 0.0 0.0
2 3 4 20 0.0 0.0
2 3 5 20 0.0 0.0
3 3 0 21 0.0 0.0
3 3 1 21 0.0 0.0
3 3 2 21 0.0 0.0
3 3 3 21 0.0 0.0
3 3 4 21 0.0 0.0
3 3 5 21 0.0 0.0
3 3 6 21 0.0 0.0
5 3 6 27 0.0 0.0
5 3 7 27 0.0 0.0
0 4 5 22 0.0 0.0
4 4 0 28 0.0 0.0
4 4 1 28 0.0 0.0
4 4 2 28 0.0 0.0
4 4 3 28 0.0 0.0
4 4 4 28 0.0 0.0
4 4 5 28 0.0 0.0
4 4 6 28 0.0 0.0
1 5 5 23 0.0 0.0
1 5 7 23 0.0 0.0
5 5 0 29 0.0 0.0
5 5 1 29 0.0 0.0
5 5 2 29 0.0 0.0
5 5 3 29 0.0 0.0
5 5 4 29 0.0 0.0
5 5 5 29 0.0 0.0
5 5 6 29 0.0 0.0